[print-page-setup]
PPDName=Letter
DisplayName=US Letter
Width=215.89999389648438
Height=279.39999389648438
MarginTop=12.699999999999999
MarginBottom=12.699999999999999
MarginLeft=6.3499999999999996
MarginRight=6.3499999999999996
Orientation=portrait
